{
 "cells": [
  {
   "cell_type": "code",
   "execution_count": 1,
   "metadata": {},
   "outputs": [],
   "source": [
    "import pandas as pd\n",
    "import os\n",
    "import mysql.connector\n",
    "from mysql.connector import Error\n",
    "from sqlalchemy import create_engine"
   ]
  },
  {
   "cell_type": "markdown",
   "metadata": {},
   "source": [
    "The following cell takes in all of the data files provided and combines them into 1 master file "
   ]
  },
  {
   "cell_type": "code",
   "execution_count": 3,
   "metadata": {},
   "outputs": [
    {
     "name": "stdout",
     "output_type": "stream",
     "text": [
      "In directory: ../data\n",
      "\t Loading  gemini_BTCUSD_2015_1min.csv\n",
      "\t Loading  gemini_BTCUSD_2016_1min.csv\n",
      "\t Loading  gemini_BTCUSD_2017_1min.csv\n",
      "\t Loading  gemini_BTCUSD_2018_1min.csv\n",
      "\t Loading  gemini_BTCUSD_2019_1min.csv\n",
      "\t Loading  gemini_BTCUSD_2020_1min.csv\n",
      "\t Loading  gemini_BTCUSD_2021_1min.csv\n",
      "done\n"
     ]
    },
    {
     "data": {
      "text/html": [
       "<div>\n",
       "<style scoped>\n",
       "    .dataframe tbody tr th:only-of-type {\n",
       "        vertical-align: middle;\n",
       "    }\n",
       "\n",
       "    .dataframe tbody tr th {\n",
       "        vertical-align: top;\n",
       "    }\n",
       "\n",
       "    .dataframe thead th {\n",
       "        text-align: right;\n",
       "    }\n",
       "</style>\n",
       "<table border=\"1\" class=\"dataframe\">\n",
       "  <thead>\n",
       "    <tr style=\"text-align: right;\">\n",
       "      <th></th>\n",
       "      <th>Unix Timestamp</th>\n",
       "      <th>Date</th>\n",
       "      <th>Symbol</th>\n",
       "      <th>Open</th>\n",
       "      <th>High</th>\n",
       "      <th>Low</th>\n",
       "      <th>Close</th>\n",
       "      <th>Volume</th>\n",
       "    </tr>\n",
       "  </thead>\n",
       "  <tbody>\n",
       "    <tr>\n",
       "      <th>0</th>\n",
       "      <td>1634429100000</td>\n",
       "      <td>2021-10-17 00:05:00</td>\n",
       "      <td>BTCUSD</td>\n",
       "      <td>60716.28</td>\n",
       "      <td>60716.28</td>\n",
       "      <td>60712.32</td>\n",
       "      <td>60715.55</td>\n",
       "      <td>0.022586</td>\n",
       "    </tr>\n",
       "    <tr>\n",
       "      <th>1</th>\n",
       "      <td>1634429040000</td>\n",
       "      <td>2021-10-17 00:04:00</td>\n",
       "      <td>BTCUSD</td>\n",
       "      <td>60809.75</td>\n",
       "      <td>60829.33</td>\n",
       "      <td>60716.28</td>\n",
       "      <td>60716.28</td>\n",
       "      <td>0.216773</td>\n",
       "    </tr>\n",
       "    <tr>\n",
       "      <th>2</th>\n",
       "      <td>1634428980000</td>\n",
       "      <td>2021-10-17 00:03:00</td>\n",
       "      <td>BTCUSD</td>\n",
       "      <td>60922.25</td>\n",
       "      <td>60925.99</td>\n",
       "      <td>60809.75</td>\n",
       "      <td>60809.75</td>\n",
       "      <td>0.108527</td>\n",
       "    </tr>\n",
       "    <tr>\n",
       "      <th>3</th>\n",
       "      <td>1634428920000</td>\n",
       "      <td>2021-10-17 00:02:00</td>\n",
       "      <td>BTCUSD</td>\n",
       "      <td>60875.98</td>\n",
       "      <td>60937.30</td>\n",
       "      <td>60854.84</td>\n",
       "      <td>60922.25</td>\n",
       "      <td>1.135391</td>\n",
       "    </tr>\n",
       "    <tr>\n",
       "      <th>4</th>\n",
       "      <td>1634428860000</td>\n",
       "      <td>2021-10-17 00:01:00</td>\n",
       "      <td>BTCUSD</td>\n",
       "      <td>60877.53</td>\n",
       "      <td>60877.53</td>\n",
       "      <td>60851.85</td>\n",
       "      <td>60875.98</td>\n",
       "      <td>0.182190</td>\n",
       "    </tr>\n",
       "    <tr>\n",
       "      <th>...</th>\n",
       "      <td>...</td>\n",
       "      <td>...</td>\n",
       "      <td>...</td>\n",
       "      <td>...</td>\n",
       "      <td>...</td>\n",
       "      <td>...</td>\n",
       "      <td>...</td>\n",
       "      <td>...</td>\n",
       "    </tr>\n",
       "    <tr>\n",
       "      <th>3063873</th>\n",
       "      <td>1444311840</td>\n",
       "      <td>2015-10-08 13:44:00</td>\n",
       "      <td>BTCUSD</td>\n",
       "      <td>242.96</td>\n",
       "      <td>242.96</td>\n",
       "      <td>242.96</td>\n",
       "      <td>242.96</td>\n",
       "      <td>0.033491</td>\n",
       "    </tr>\n",
       "    <tr>\n",
       "      <th>3063874</th>\n",
       "      <td>1444311780</td>\n",
       "      <td>2015-10-08 13:43:00</td>\n",
       "      <td>BTCUSD</td>\n",
       "      <td>242.95</td>\n",
       "      <td>242.96</td>\n",
       "      <td>242.95</td>\n",
       "      <td>242.96</td>\n",
       "      <td>0.010000</td>\n",
       "    </tr>\n",
       "    <tr>\n",
       "      <th>3063875</th>\n",
       "      <td>1444311720</td>\n",
       "      <td>2015-10-08 13:42:00</td>\n",
       "      <td>BTCUSD</td>\n",
       "      <td>242.95</td>\n",
       "      <td>242.95</td>\n",
       "      <td>242.95</td>\n",
       "      <td>242.95</td>\n",
       "      <td>0.000000</td>\n",
       "    </tr>\n",
       "    <tr>\n",
       "      <th>3063876</th>\n",
       "      <td>1444311660</td>\n",
       "      <td>2015-10-08 13:41:00</td>\n",
       "      <td>BTCUSD</td>\n",
       "      <td>242.50</td>\n",
       "      <td>242.95</td>\n",
       "      <td>242.50</td>\n",
       "      <td>242.95</td>\n",
       "      <td>0.001000</td>\n",
       "    </tr>\n",
       "    <tr>\n",
       "      <th>3063877</th>\n",
       "      <td>1444311600</td>\n",
       "      <td>2015-10-08 13:40:00</td>\n",
       "      <td>BTCUSD</td>\n",
       "      <td>0.00</td>\n",
       "      <td>242.50</td>\n",
       "      <td>0.00</td>\n",
       "      <td>242.50</td>\n",
       "      <td>0.050000</td>\n",
       "    </tr>\n",
       "  </tbody>\n",
       "</table>\n",
       "<p>3063878 rows × 8 columns</p>\n",
       "</div>"
      ],
      "text/plain": [
       "         Unix Timestamp                 Date  Symbol      Open      High  \\\n",
       "0         1634429100000  2021-10-17 00:05:00  BTCUSD  60716.28  60716.28   \n",
       "1         1634429040000  2021-10-17 00:04:00  BTCUSD  60809.75  60829.33   \n",
       "2         1634428980000  2021-10-17 00:03:00  BTCUSD  60922.25  60925.99   \n",
       "3         1634428920000  2021-10-17 00:02:00  BTCUSD  60875.98  60937.30   \n",
       "4         1634428860000  2021-10-17 00:01:00  BTCUSD  60877.53  60877.53   \n",
       "...                 ...                  ...     ...       ...       ...   \n",
       "3063873      1444311840  2015-10-08 13:44:00  BTCUSD    242.96    242.96   \n",
       "3063874      1444311780  2015-10-08 13:43:00  BTCUSD    242.95    242.96   \n",
       "3063875      1444311720  2015-10-08 13:42:00  BTCUSD    242.95    242.95   \n",
       "3063876      1444311660  2015-10-08 13:41:00  BTCUSD    242.50    242.95   \n",
       "3063877      1444311600  2015-10-08 13:40:00  BTCUSD      0.00    242.50   \n",
       "\n",
       "              Low     Close    Volume  \n",
       "0        60712.32  60715.55  0.022586  \n",
       "1        60716.28  60716.28  0.216773  \n",
       "2        60809.75  60809.75  0.108527  \n",
       "3        60854.84  60922.25  1.135391  \n",
       "4        60851.85  60875.98  0.182190  \n",
       "...           ...       ...       ...  \n",
       "3063873    242.96    242.96  0.033491  \n",
       "3063874    242.95    242.96  0.010000  \n",
       "3063875    242.95    242.95  0.000000  \n",
       "3063876    242.50    242.95  0.001000  \n",
       "3063877      0.00    242.50  0.050000  \n",
       "\n",
       "[3063878 rows x 8 columns]"
      ]
     },
     "execution_count": 3,
     "metadata": {},
     "output_type": "execute_result"
    }
   ],
   "source": [
    "# combine All Files into 1 \n",
    "rootDir = '../data'\n",
    "master_fname= 'Master_Data_File.csv'\n",
    "file_dict={}\n",
    "years= []\n",
    "\n",
    "for dirName, subdirList, fileList in os.walk(rootDir):\n",
    "    if (dirName == rootDir):\n",
    "        print('In directory: %s' % dirName)\n",
    "        for fname in fileList:   \n",
    "            split = fname.split('_')\n",
    "            if (len(split)>3):\n",
    "                print('\\t Loading  '+fname)\n",
    "                years.append(split[2])\n",
    "                file_dict[split[2]]= fname\n",
    "        \n",
    "years.sort()\n",
    "years.reverse()\n",
    "\n",
    "data_files = []\n",
    "for year in years: \n",
    "    file_path = os.path.join(rootDir, file_dict[year])\n",
    "    tempdata = pd.read_csv(file_path, skiprows=1)\n",
    "    data_files.append(tempdata)\n",
    "    \n",
    "master_data_file = pd.concat(data_files,ignore_index=True)\n",
    "master_data_file.to_csv(master_fname, index=False)\n",
    "\n",
    "print('done')\n",
    "master_data_file\n"
   ]
  },
  {
   "cell_type": "markdown",
   "metadata": {},
   "source": [
    "The following Cell takes the master data frame and reverses the order"
   ]
  },
  {
   "cell_type": "code",
   "execution_count": 4,
   "metadata": {},
   "outputs": [
    {
     "data": {
      "text/html": [
       "<div>\n",
       "<style scoped>\n",
       "    .dataframe tbody tr th:only-of-type {\n",
       "        vertical-align: middle;\n",
       "    }\n",
       "\n",
       "    .dataframe tbody tr th {\n",
       "        vertical-align: top;\n",
       "    }\n",
       "\n",
       "    .dataframe thead th {\n",
       "        text-align: right;\n",
       "    }\n",
       "</style>\n",
       "<table border=\"1\" class=\"dataframe\">\n",
       "  <thead>\n",
       "    <tr style=\"text-align: right;\">\n",
       "      <th></th>\n",
       "      <th>Unix Timestamp</th>\n",
       "      <th>Date</th>\n",
       "      <th>Symbol</th>\n",
       "      <th>Open</th>\n",
       "      <th>High</th>\n",
       "      <th>Low</th>\n",
       "      <th>Close</th>\n",
       "      <th>Volume</th>\n",
       "    </tr>\n",
       "  </thead>\n",
       "  <tbody>\n",
       "    <tr>\n",
       "      <th>0</th>\n",
       "      <td>1444311600</td>\n",
       "      <td>2015-10-08 13:40:00</td>\n",
       "      <td>BTCUSD</td>\n",
       "      <td>0.00</td>\n",
       "      <td>242.50</td>\n",
       "      <td>0.00</td>\n",
       "      <td>242.50</td>\n",
       "      <td>0.050000</td>\n",
       "    </tr>\n",
       "    <tr>\n",
       "      <th>1</th>\n",
       "      <td>1444311660</td>\n",
       "      <td>2015-10-08 13:41:00</td>\n",
       "      <td>BTCUSD</td>\n",
       "      <td>242.50</td>\n",
       "      <td>242.95</td>\n",
       "      <td>242.50</td>\n",
       "      <td>242.95</td>\n",
       "      <td>0.001000</td>\n",
       "    </tr>\n",
       "    <tr>\n",
       "      <th>2</th>\n",
       "      <td>1444311720</td>\n",
       "      <td>2015-10-08 13:42:00</td>\n",
       "      <td>BTCUSD</td>\n",
       "      <td>242.95</td>\n",
       "      <td>242.95</td>\n",
       "      <td>242.95</td>\n",
       "      <td>242.95</td>\n",
       "      <td>0.000000</td>\n",
       "    </tr>\n",
       "    <tr>\n",
       "      <th>3</th>\n",
       "      <td>1444311780</td>\n",
       "      <td>2015-10-08 13:43:00</td>\n",
       "      <td>BTCUSD</td>\n",
       "      <td>242.95</td>\n",
       "      <td>242.96</td>\n",
       "      <td>242.95</td>\n",
       "      <td>242.96</td>\n",
       "      <td>0.010000</td>\n",
       "    </tr>\n",
       "    <tr>\n",
       "      <th>4</th>\n",
       "      <td>1444311840</td>\n",
       "      <td>2015-10-08 13:44:00</td>\n",
       "      <td>BTCUSD</td>\n",
       "      <td>242.96</td>\n",
       "      <td>242.96</td>\n",
       "      <td>242.96</td>\n",
       "      <td>242.96</td>\n",
       "      <td>0.033491</td>\n",
       "    </tr>\n",
       "    <tr>\n",
       "      <th>...</th>\n",
       "      <td>...</td>\n",
       "      <td>...</td>\n",
       "      <td>...</td>\n",
       "      <td>...</td>\n",
       "      <td>...</td>\n",
       "      <td>...</td>\n",
       "      <td>...</td>\n",
       "      <td>...</td>\n",
       "    </tr>\n",
       "    <tr>\n",
       "      <th>3063873</th>\n",
       "      <td>1634428860000</td>\n",
       "      <td>2021-10-17 00:01:00</td>\n",
       "      <td>BTCUSD</td>\n",
       "      <td>60877.53</td>\n",
       "      <td>60877.53</td>\n",
       "      <td>60851.85</td>\n",
       "      <td>60875.98</td>\n",
       "      <td>0.182190</td>\n",
       "    </tr>\n",
       "    <tr>\n",
       "      <th>3063874</th>\n",
       "      <td>1634428920000</td>\n",
       "      <td>2021-10-17 00:02:00</td>\n",
       "      <td>BTCUSD</td>\n",
       "      <td>60875.98</td>\n",
       "      <td>60937.30</td>\n",
       "      <td>60854.84</td>\n",
       "      <td>60922.25</td>\n",
       "      <td>1.135391</td>\n",
       "    </tr>\n",
       "    <tr>\n",
       "      <th>3063875</th>\n",
       "      <td>1634428980000</td>\n",
       "      <td>2021-10-17 00:03:00</td>\n",
       "      <td>BTCUSD</td>\n",
       "      <td>60922.25</td>\n",
       "      <td>60925.99</td>\n",
       "      <td>60809.75</td>\n",
       "      <td>60809.75</td>\n",
       "      <td>0.108527</td>\n",
       "    </tr>\n",
       "    <tr>\n",
       "      <th>3063876</th>\n",
       "      <td>1634429040000</td>\n",
       "      <td>2021-10-17 00:04:00</td>\n",
       "      <td>BTCUSD</td>\n",
       "      <td>60809.75</td>\n",
       "      <td>60829.33</td>\n",
       "      <td>60716.28</td>\n",
       "      <td>60716.28</td>\n",
       "      <td>0.216773</td>\n",
       "    </tr>\n",
       "    <tr>\n",
       "      <th>3063877</th>\n",
       "      <td>1634429100000</td>\n",
       "      <td>2021-10-17 00:05:00</td>\n",
       "      <td>BTCUSD</td>\n",
       "      <td>60716.28</td>\n",
       "      <td>60716.28</td>\n",
       "      <td>60712.32</td>\n",
       "      <td>60715.55</td>\n",
       "      <td>0.022586</td>\n",
       "    </tr>\n",
       "  </tbody>\n",
       "</table>\n",
       "<p>3063878 rows × 8 columns</p>\n",
       "</div>"
      ],
      "text/plain": [
       "         Unix Timestamp                 Date  Symbol      Open      High  \\\n",
       "0            1444311600  2015-10-08 13:40:00  BTCUSD      0.00    242.50   \n",
       "1            1444311660  2015-10-08 13:41:00  BTCUSD    242.50    242.95   \n",
       "2            1444311720  2015-10-08 13:42:00  BTCUSD    242.95    242.95   \n",
       "3            1444311780  2015-10-08 13:43:00  BTCUSD    242.95    242.96   \n",
       "4            1444311840  2015-10-08 13:44:00  BTCUSD    242.96    242.96   \n",
       "...                 ...                  ...     ...       ...       ...   \n",
       "3063873   1634428860000  2021-10-17 00:01:00  BTCUSD  60877.53  60877.53   \n",
       "3063874   1634428920000  2021-10-17 00:02:00  BTCUSD  60875.98  60937.30   \n",
       "3063875   1634428980000  2021-10-17 00:03:00  BTCUSD  60922.25  60925.99   \n",
       "3063876   1634429040000  2021-10-17 00:04:00  BTCUSD  60809.75  60829.33   \n",
       "3063877   1634429100000  2021-10-17 00:05:00  BTCUSD  60716.28  60716.28   \n",
       "\n",
       "              Low     Close    Volume  \n",
       "0            0.00    242.50  0.050000  \n",
       "1          242.50    242.95  0.001000  \n",
       "2          242.95    242.95  0.000000  \n",
       "3          242.95    242.96  0.010000  \n",
       "4          242.96    242.96  0.033491  \n",
       "...           ...       ...       ...  \n",
       "3063873  60851.85  60875.98  0.182190  \n",
       "3063874  60854.84  60922.25  1.135391  \n",
       "3063875  60809.75  60809.75  0.108527  \n",
       "3063876  60716.28  60716.28  0.216773  \n",
       "3063877  60712.32  60715.55  0.022586  \n",
       "\n",
       "[3063878 rows x 8 columns]"
      ]
     },
     "execution_count": 4,
     "metadata": {},
     "output_type": "execute_result"
    }
   ],
   "source": [
    "data_frame = master_data_file.sort_index(axis=0 ,ascending=False)\n",
    "data_frame = data_frame.reset_index(drop=True)\n",
    "data_frame"
   ]
  },
  {
   "cell_type": "markdown",
   "metadata": {},
   "source": [
    "The following cell contains the function that grabs the environment variables "
   ]
  },
  {
   "cell_type": "code",
   "execution_count": 5,
   "metadata": {},
   "outputs": [
    {
     "name": "stdout",
     "output_type": "stream",
     "text": [
      "{'HOST': '64.20.33.250', 'DB': 'st19945_tickerData', 'USER': 'st19945_tickerData', 'PASSWORD': 'CU2021'}\n"
     ]
    }
   ],
   "source": [
    "# for getting ENv vars \n",
    "env_vars = {} # or dict {}\n",
    "with open('env.txt') as f:\n",
    "    for line in f:\n",
    "        if line.startswith('#') or not line.strip():\n",
    "            continue\n",
    "        key, value = line.strip().split('=', 1)\n",
    "        env_vars[key]= value\n",
    "print(env_vars)"
   ]
  },
  {
   "cell_type": "markdown",
   "metadata": {},
   "source": [
    "Run the following cell to ensure connection can be established"
   ]
  },
  {
   "cell_type": "code",
   "execution_count": 6,
   "metadata": {},
   "outputs": [
    {
     "name": "stdout",
     "output_type": "stream",
     "text": [
      "Connected to MySQL Server version  5.5.5-10.4.21-MariaDB\n",
      "You're connected to database:  ('st19945_tickerData',)\n",
      "MySQL connection is closed\n"
     ]
    }
   ],
   "source": [
    "try:\n",
    "    connection = mysql.connector.connect(host=env_vars['HOST'],\n",
    "                                         database=env_vars['DB'],\n",
    "                                         user=env_vars['USER'],\n",
    "                                         password=env_vars['PASSWORD'])\n",
    "    if connection.is_connected():\n",
    "        db_Info = connection.get_server_info()\n",
    "        print(\"Connected to MySQL Server version \", db_Info)\n",
    "        cursor = connection.cursor()\n",
    "        cursor.execute(\"select database();\")\n",
    "        record = cursor.fetchone()\n",
    "        print(\"You're connected to database: \", record)\n",
    "\n",
    "except Error as e:\n",
    "    print(\"Error while connecting to MySQL\", e)\n",
    "finally:\n",
    "    if connection.is_connected():\n",
    "        cursor.close()\n",
    "        connection.close()\n",
    "        print(\"MySQL connection is closed\")"
   ]
  },
  {
   "cell_type": "markdown",
   "metadata": {},
   "source": [
    "The following Cell sends the Master data file to SQL database"
   ]
  },
  {
   "cell_type": "code",
   "execution_count": 7,
   "metadata": {},
   "outputs": [],
   "source": [
    "# create sqlalchemy engine\n",
    "engine = create_engine(\"mysql+pymysql://{user}:{pw}@{host}/{db}\"\n",
    "                       .format(user=env_vars['USER'],\n",
    "                               pw=env_vars['PASSWORD'],\n",
    "                               host=env_vars['HOST'],\n",
    "                               db=env_vars['DB']))"
   ]
  },
  {
   "cell_type": "code",
   "execution_count": null,
   "metadata": {},
   "outputs": [],
   "source": [
    "################################################\n",
    "# Do not run unless you are pushing the whole new data to DB \n",
    "################################################\n",
    "\n",
    "data_frame.to_sql('BTC_Ticker_Data', con = engine, if_exists = 'append', chunksize = 1000)"
   ]
  }
 ],
 "metadata": {
  "kernelspec": {
   "display_name": "Python 3",
   "language": "python",
   "name": "python3"
  },
  "language_info": {
   "codemirror_mode": {
    "name": "ipython",
    "version": 3
   },
   "file_extension": ".py",
   "mimetype": "text/x-python",
   "name": "python",
   "nbconvert_exporter": "python",
   "pygments_lexer": "ipython3",
   "version": "3.8.8"
  }
 },
 "nbformat": 4,
 "nbformat_minor": 4
}
